floors_before_eq (total) with dtypes of float64
9
[ 2.  3. nan  1.  5.  4.  6.  8.  9.  7.]
There are : 0.46043040058659546  missing value
================================================================================
old_building with dtypes of float64
160
[  1.   3.   7.  18.  22.  nan  33.  40.  27.  68.  25.  15.  20.  28.
  35.  10.   4.   8.   5.  12.  32.  45.  13.  50.   6.  36.  70.  30.
  14.  75.  90.  34.  24.   2.   9.  16.  29. 999.  67.  60.  26.  38.
   0.  17.  37.  19.  80.  21.  11.  55.  44.  39.  23.  65.  48.  85.
  52.  31. 100.  57.  42.  41.  62. 120.  64.  43.  49.  47.  46.  88.
  82.  87.  69. 105.  99.  54. 140.  51.  72.  95.  63. 150. 176.  59.
  81.  58.  61.  53.  56.  84. 110.  66.  74.  98.  86. 109. 111. 200.
  73. 103.  79. 112.  78.  97.  92. 160.  71. 180.  76.  91.  96. 101.
 166. 106. 118. 108.  83.  77. 145. 130. 117.  93. 102. 135. 104. 170.
 131. 115.  89. 125. 128. 119.  94. 190. 174. 126. 132. 113. 116. 144.
 162. 138. 195. 141. 122. 175. 161. 196. 107. 121. 151. 142. 177. 124.
 127. 134. 178. 133. 123. 172. 168.]
There are : 0.33093391808415706  missing value
================================================================================
plinth_area (ft^2) with dtypes of float64
930
[ 256.  985.   nan  185.  290.  504.  616.  600.  500. 1001.  366.  150.
  300.  352.  358.  250.  360.  550.  310.  400.  735.  464.  380.  342.
  384.  432.  375.  490.  780.  494.  278.  228.  475.  440.  280.  288.
  368.  312.  450.  383.  425.  968.  200.  140.  410.  264.  194.  230.
  438.  405.  130.  297.  525.  392.  176.  420.  242.  286.  364.  210.
  445.  495.  240.  340.  660.  396.  233.  260.  289.  508.  299.  320.
  648.  222.  301.  265.  270.  544.  220.  153.  700.  350.  285.  351.
  174.  800.  315.  318.  173.  478.  465.  324.  338.  462.  356.  483.
  496.  325.  253.  155.  246.  190.  435.  820.  225.  216.  272.  385.
  180.  810.  382.  620.  363.  590.  160.  434.  357.  531.  152.  430.
  245.  263.  416.  567.  594.  204.  576.  486.  309.  378.  284.  562.
  177.  255.  545.  305.  390.  171.  456.  588.  100.  348.  231.  850.
  729.  510.  125.  460.  437.  409.  247.  361.  170.  214.  609.  322.
  275.  960.  916.  387.   96.  900.  303.  520. 1000.  528.  487.  999.
  344.  540.  295.  252.  725.  336.  165.  472.  862.  734.  750.  412.
  448.  205.  308.  990.  332.  408.  182.  676.  446.  330.  580.  555.
  304.  650.  816.  370.  485.   86.  918.  665.  337.  391.  442.  452.
  640.  266.  720.  418.  961.  120.  198.  283.  144.  468.  551.  613.
  860.  279.  208.  321.  238.  547.  674.  234.  480.  202.  424.  196.
  281.  257.  526.  345.  708.  532.  793.  506.  388.  745.  223.  455.
  570.  598.  509.  629.  323.  459.  578.  702.  188.  365.  957.  413.
  215.  217.  684.  110.  756.  254.  924.  339.  911.  376.  294.  224.
  287.  577.  612.  232.  530.  386.  492.  404.  414.  507.  513.  244.
  680.  792.  362.  249.  840.  355.  770.  296.  273.  512.  343.  896.
  493.   81.  235.  945.  298.  282.  476.  218.  203.  560.  651.  276.
  394.  374.  123.  630.  379.  685.  585.  607.  306.  754.  175.  805.
  326.  398.  406.  189.  426.  316.  302.  167.  341.  714.  989.  261.
  675.  882.  441.  347.  377.  952.  199.  453.  415.  537.  581.  346.
  644.  912.  722.  207.  395.  522.  135.  621.  572.  614.  129.   90.
  536.  128.  132.  421.  755.  429.  646.  973.  690.  656.  419.  950.
  335.   99.  891.  389.  704.  552.  897.  427.   80.  268.  693.  739.
  561.  354.  615.  311.  681.  371.  436.  602.  584.  124.  457.  241.
  794.  748.  524.  147.  741.  226.  484.  195.  940.  686.  138.  538.
  527.  855.  870.  604.   84.  444.  518.  156.  832.  556.  497.  458.
  658.  682.  812.  825.  433.  529.  608.  610.  864.  470.  647.  399.
  501.  546.  573.  221.  466.  742.  403.  401.  463.  553.  454.  292.
  649.  314.  237.  920.  179.  625.  575.  521.  571.  936.  776.  411.
  788.  759.  145.  193.  148.  277.  778.  209.  801.  821.  201.  327.
  293.  192.  558.  168.  696.  307.  236.  248.  517.  851.  962.   91.
  533.  407.  267.  715.   85.  369.  154.  790.  259.  654.  710.  774.
  505.  652.  229.  779.  515.  638.  738.  187.  251.  728.  712.  830.
  760.  634.  417.  184.  393.  623.  111.  736.  740.  861.  105.  212.
  514.  467.  108.  328.  474.  784.  713.  258.  592.  431.  469.  798.
  930.  672.  841.  819.  668.  975.   75.  372.  856.  589.  535.  669.
  925.  718.  730.  213.  477.  777.  586.  595.  449.  659.  596.  559.
  349.  803.  162.  606.  117.  134.  479.  269.  753.  761.  534.  980.
  837.   72.  619.  931.  817.  929.  109.  516.  146.  645.  565.  618.
  689.  422.  752.  481.  744.  978.  836.  227.  121.  313.  956.  726.
  211.  423.  661.  628.  875.  627.  914.  898.  317.  353.  663.  603.
  239.  845.  874.  789.  262.  574.  564.  662.  186.  334.  502.  402.
  605.  922.  786.  428.  783.  583.  291.  181.  367.  149.  169.  164.
  243.  333.  910.  955.  554.  826.  986.  511.  814.  624.  115.  548.
  114.  397.  381.  764.  488.  703.  972.  473.  151.  666.  593.  587.
  206.  373.  643.  451.  639.  329.  867.  765.  166.  142.  653.  489.
  822.  954.  158.  758.  679.  626.  905.  163.  670.  331.  503.  219.
   88.  694.  677.  482.  319.  688.  443.  274.  178.  447.  890.  933.
  116.  948.  737.  823.   70.  782.  126.  667.  579.  880.  888.  642.
  141.  747.  523.  633.  566.  943.  839.  563.  542.  568.  853.  687.
  983.  549.  617.  865.  732.  119.  557.   95.  582.  499.  876.  697.
  271.  136.  498.  749.  928.  143.  664.  899.   94.  102.  804.  611.
  969.  439.  813.  159.  706.  893.  843.  104.  946.  724.  988.  884.
  913.  970.  691.  775.  543.  183.  122.  883.  107.  992.  886.  597.
  541.  834.  868.  359.  854.  701.  903.  636.  949.  157.  112.  631.
  197.  601.  635.  858.  569.  768.  491.  657.  902.  127.  695.  622.
  139.  705.  137.  915.  806.   92.  995.  829.  878.  879.   77.  833.
  698.  942.  796.  751.  716.  892.  787.  844.  637.  599.  118.  641.
  979.  919.  998.  763.  852.  842.  781.   74.  938.  711.  673.  591.
  785.  944.  795.  683.  815.  846.  827.  632.  172.  904.  807.  692.
  731.  965.  908.  113.  471.  921.  866.  953.  877.  191.  831.  519.
  894.  889.  771.  461.  733.  161.  828.   93.  709.  717.  743.  727.
  103.  981.  984.   73.  799.  963.  757.  895.  678.  723.  993.  991.
  885.  655.  849.  994.  106.  101.  791.  987.  772.  824.  769.  809.
  811.   82.  996.  906.  746.  974.  966.  947.  721.  909.  881.  982.
  133.  932.  773.   98.  939.   87.  539.  937.  699.  887.  869.  818.
  848.  941.  857.  808.   78.  835.  964.  131.  762.  923.  766.  934.
  901.  872.  935.  859.  958.  719.  917.  927.  873.  671.  976.  767.
   79.  707.  838.  871.  847.  971.  959.   71.  926.  802.  967.  907.
   97.  951.  863.  997.  797.   89.   76.]
There are : 0.5827327877811058  missing value
================================================================================
height_before_eq (ft) with dtypes of float64
77
[22. 18. 14. 15. 17. nan 16.  9. 45. 19. 10. 12. 20. 21. 25.  6. 24.  7.
 13.  8. 11. 30. 23. 27. 36. 26. 40. 56. 32. 28. 29. 35. 38. 31. 74. 34.
 50. 65. 99. 33. 60. 48. 75. 51. 54. 46. 44. 47. 70. 55. 80. 61. 37. 93.
 52. 77. 96. 72. 81. 42. 64. 85. 39. 57. 63. 95. 67. 43. 78. 49. 41. 58.
 68. 76. 90. 66. 71. 89.]
There are : 0.46043040058659546  missing value
================================================================================
land_surface_condition with dtypes of object
3
['Flat' nan 'Moderate slope' 'Steep slope']
There are : 0.4172658287390273  missing value
================================================================================
type_of_foundation with dtypes of object
6
['bamboo/timber' 'clay mortar-stone/brick' 'mud mortar-stone/brick' nan
 'rc' 'cement-stone/brick' 'other']
There are : 0.33093391808415706  missing value
================================================================================
type_of_roof with dtypes of object
5
['bamboo/timber light roof' 'wood light roof or bamboo heavy roof' nan
 'wood light roof or bamboo light roof' 'rb/rcc/rbc'
 'bamboo/timber heavy roof']
There are : 0.5827327877811058  missing value
================================================================================
type_of_ground_floor with dtypes of object
9
['clay' nan 'mud' 'brick/stone' 'rc' 'soil, water, loam mixed' 'other'
 'lumber' 'timber' 'wood']
There are : 0.46043040058659546  missing value
================================================================================
type_of_other_floor with dtypes of object
7
['timber/bamboo-mud' 'wood or bamboo mud' nan 'not applicable'
 'rb/rcc/rbc' 'wood-plank' 'timber-planck' 'lumber-plank']
There are : 0.4172658287390273  missing value
================================================================================
position with dtypes of object
4
['Not attached' nan 'Attached-1 side' 'Attached-2 side' 'Attached-3 side']
There are : 0.43165401935488334  missing value
================================================================================
building_plan_configuration with dtypes of object
10
['Rectangular' 'Square' nan 'L-shape' 'T-shape' 'Multi-projected'
 'U-shape' 'Others' 'E-shape' 'Building with Central Courtyard' 'H-shape']
There are : 0.4172658287390273  missing value
================================================================================
technical_solution_proposed with dtypes of object
4
[nan 'Reconstruction' 'Major repair' 'No need' 'Minor repair']
There are : 0.9352517587487809  missing value
================================================================================
legal_ownership_status with dtypes of object
13
['Private Use' 'Private' nan 'Prvt' 'Public Space' 'Privste' 'Public'
 'Unknown' 'Public Use' 'Institutionals' 'Unspecified' 'Institutional Use'
 'Other' 'Institutional']
There are : 0.17266105435000656  missing value
================================================================================
has_secondary_use with dtypes of float64
2
[ 0. nan  1.]
There are : 0.27338115562073284  missing value
================================================================================
type_of_reinforcement_concrete with dtypes of float64
4
[ 0. nan  2.  1.  3.]
There are : 0.40287763812317123  missing value
================================================================================
residential_type with dtypes of object
6
['Non-residential' nan 'Hotel/Motel' 'Rental Residential' 'Housing'
 'Other' 'Other Residential Type']
There are : 0.3740984899317253  missing value
================================================================================
no_family_residing with dtypes of float64
11
[ 1. nan  0.  2.  3.  4.  7.  5.  6.  9.  8. 11.]
There are : 0.2014374355817187  missing value
================================================================================
public_place_type with dtypes of object
13
['Non-public' 'Religious Sites' 'Other Institutional Building' 'Drugstore'
 'Health Clinics' 'Shopping Sites' 'Hospital' 'High School' 'University'
 'Middle School' 'Primary School' 'Recreational Park' 'Museum']
There are : 0.0  missing value
================================================================================
industrial_use_type with dtypes of object
9
['Non-industrial' nan 'Metallurgy' 'Service/Tourism' 'Food'
 'Manufacturing' 'Infrastructure' 'Agro' 'Farm' 'Forest-based']
There are : 0.1582728637341505  missing value
================================================================================
govermental_use_type with dtypes of object
3
['Non-govermental' nan 'Police Offices' 'Govermental Buildings']
There are : 0.3453221087000131  missing value
================================================================================
flexible_superstructure with dtypes of object
2
['unavailable' 'available' nan]
There are : 0.08632914369513638  missing value
================================================================================
wall_binding with dtypes of float64
6
[ 0.  5. nan  2.  1.  7.  3.]
There are : 0.08632914369513638  missing value
================================================================================
wall_material with dtypes of float64
4
[ 0.  2. nan  1.  3.]
There are : 0.316545727468301  missing value
================================================================================
damage_grade with dtypes of float64
5
[1. 5. 4. 2. 3.]
There are : 0.0  missing value
================================================================================
